98014
98140
98150
98170
98240
98249
98049
98079
98060
98149
98159
98169
98179
98160
98259
98269
98279
98027
98207
98040
98190
98110
98113
98123
98009
98043
98070
98073
98053
98143
98153
98163
98173
98193
98104
98105
98243
98253
98263
98015
98047
98077
98059
98147
98157
98167
98177
98197
98199
98117
98247
98257
98267
98016	
98048
98076
98078
98148
98158
98168
98178
98198
98196
98176
98120
98121
98008
98096
98248
98258
98268
98029
98209	
98042
98068
98071
98072
98142
98152
98162
98172
98192
98111
98112
98118
98122
98091
98092
98211
98212
98218
98242
98252
98021
98020
98011
98022
98018
98019
98012
98010
98023
98024
98100
98101
98102
98103
98230
98231
98232
98233
98234
98235
98236
98237
98238
98239
98028	
98166
98241
98251
98261
98041
98065
98066
98067
98058
98141
98151
98161
98171
98191
98271
98291
98266
98026
98129
98007
98214
98215
98219
98044
98069
98074
98075
98054
98144
98154
98164
98174
98194
98175
98114
98115
98119
98244
98254	
98061
98051
98052
98213	
98062
98095
98097
98098
98128
98108
98109
98228
98229	
98063
98093
98025
98195
98124
98125
98005
98224
98225
98045
98145
98155
98165
98245
98255
98265
98017
98046
98146
98156
98116
98126
98006
98246
98256
98216
98226
98127
98106
98107
98064
98094
